# Created by Octave 3.8.1, Tue Apr 25 02:47:12 2017 CEST <albert@albert-ThinkPad-T440s>
# name: db_list_total_avg
# type: matrix
# ndims: 4
 6 9 5 6
 182
 4831
 1192
 196
 273
 167
 182
 9458
 1193
 218
 280
 167
 182
 14580
 1193
 218
 296
 167
 243
 26226
 1549
 242
 331
 167
 243
 50487
 1548
 261
 546
 168
 258
 118476
 1533
 331
 1572
 174
 262
 128595
 1549
 301
 1703
 175
 261
 284849
 1542
 475
 3511
 243
 263
 300183
 1549
 487
 3564
 248
 282
 9585
 2348
 266
 646
 300
 282
 15063
 2350
 293
 652
 298
 282
 23132
 2347
 293
 665
 298
 396
 37865
 3053
 329
 687
 298
 397
 65672
 3052
 345
 888
 298
 420
 151099
 3022
 398
 1692
 309
 427
 163422
 3052
 387
 1781
 310
 424
 390784
 3039
 554
 3411
 457
 427
 397290
 3054
 566
 3545
 460
 665
 19095
 4673
 427
 1852
 523
 666
 25371
 4676
 452
 1879
 522
 664
 32425
 4672
 466
 1908
 524
 840
 56614
 6062
 525
 1898
 523
 839
 88155
 6062
 541
 2100
 524
 907
 159896
 6004
 587
 2749
 544
 916
 170471
 6064
 597
 2796
 544
 907
 388029
 6035
 732
 4367
 828
 912
 411032
 6066
 750
 4402
 835
 2352
 38043
 9311
 1024
 3979
 1261
 2350
 47736
 9317
 1023
 3986
 1262
 2351
 56839
 9312
 1061
 3999
 1264
 2510
 86781
 12075
 1137
 3997
 1261
 2513
 126759
 12076
 1185
 4200
 1265
 2730
 191668
 11964
 1263
 4879
 1316
 2750
 200116
 12082
 1238
 4915
 1299
 2742
 432815
 12029
 1336
 6517
 1688
 2748
 444400
 12086
 1350
 6582
 1715
 5156
 75811
 18581
 3008
 6971
 4169
 5158
 87574
 18589
 2767
 6702
 4168
 5155
 96227
 18585
 2882
 6694
 4167
 5430
 139794
 24105
 3000
 6700
 4166
 5418
 192545
 24105
 3190
 6911
 4171
 5889
 268334
 23876
 3471
 7634
 4224
 5929
 279559
 24118
 3232
 7692
 4251
 5921
 606080
 24007
 3506
 9871
 4873
 5928
 554531
 24129
 3318
 9928
 4869
 213
 4840
 1205
 231
 397
 211
 331
 12881
 1249
 405
 617
 341
 438
 18016
 1295
 528
 713
 499
 718
 30464
 1602
 835
 994
 914
 1295
 56328
 2863
 1605
 1709
 1837
 2306
 120172
 4190
 3371
 3515
 3982
 2505
 127345
 4270
 3495
 3478
 4098
 5909
 301350
 6549
 7842
 5415
 7295
 6148
 302406
 6626
 8040
 5557
 7511
 373
 9738
 2362
 327
 1186
 369
 491
 23294
 2401
 524
 1636
 538
 592
 30912
 2436
 615
 1754
 679
 837
 46173
 3011
 930
 2003
 1044
 1910
 73780
 5602
 1649
 2620
 1958
 2870
 148605
 7869
 3277
 4211
 4006
 2863
 155826
 7996
 3375
 4346
 4130
 6749
 349637
 10106
 7045
 6545
 6802
 6626
 360499
 10067
 7161
 6688
 6981
 1136
 19483
 4670
 667
 3336
 933
 1190
 43352
 4717
 849
 4110
 1050
 1275
 52889
 4745
 952
 4259
 1173
 1544
 78748
 5792
 1199
 4480
 1463
 2318
 121543
 11109
 1880
 5012
 2309
 4300
 250023
 15504
 3452
 6470
 4330
 4186
 257261
 15744
 3554
 6473
 4419
 11398
 552231
 19056
 6937
 9170
 6912
 11751
 544899
 18978
 7047
 9286
 7015
 3335
 38917
 9287
 1848
 7955
 2855
 3366
 79952
 9349
 2008
 8982
 2838
 3469
 98199
 9345
 2153
 9182
 2954
 3827
 123407
 13509
 2432
 9423
 3177
 4781
 169137
 22186
 3064
 10036
 3751
 6946
 358479
 31059
 4467
 11101
 5385
 9299
 371830
 31922
 4560
 11341
 5561
 13653
 827861
 37472
 7736
 14328
 8166
 18606
 880914
 37497
 7832
 14484
 8256
 8434
 78299
 18895
 4685
 17073
 7203
 8566
 155427
 18915
 4874
 17330
 7298
 8749
 180745
 20272
 5108
 18313
 7497
 9538
 220435
 34007
 5567
 19328
 7870
 11637
 280350
 49600
 6568
 19791
 8610
 16442
 498213
 63818
 8207
 21271
 10036
 15497
 528929
 64869
 8371
 21256
 10197
 37988
 1261025
 74144
 11463
 25696
 12907
 47315
 1275451
 74364
 11597
 25932
 13072
 243
 4868
 1223
 267
 434
 220
 438
 12422
 1322
 544
 696
 429
 620
 18037
 1413
 747
 922
 683
 990
 29610
 1728
 1165
 1327
 1284
 1836
 56809
 3128
 2298
 2345
 2589
 3391
 125678
 4798
 4747
 4463
 5572
 3347
 132781
 4896
 4893
 4587
 5891
 7453
 327424
 8158
 10962
 6862
 10830
 8057
 334269
 8304
 11262
 6921
 10986
 409
 9764
 2373
 370
 1238
 381
 605
 23196
 2475
 669
 1783
 645
 783
 29840
 2547
 875
 1943
 855
 1170
 42758
 3087
 1240
 2329
 1403
 1918
 71712
 5801
 2273
 3200
 2677
 3928
 146136
 8384
 4476
 5197
 5237
 4600
 151391
 8524
 4613
 5198
 5564
 8265
 339447
 11324
 9524
 7886
 9310
 9223
 350063
 11380
 9730
 7889
 9481
 1184
 19553
 4687
 728
 3385
 956
 1315
 42863
 4779
 1024
 4293
 1169
 1475
 53589
 4846
 1190
 4473
 1360
 1868
 73795
 5760
 1592
 4824
 1802
 2580
 102799
 11261
 2518
 5618
 2990
 5124
 205403
 15872
 4598
 7310
 5623
 4964
 208428
 16139
 4736
 7401
 5688
 11170
 507226
 20173
 9090
 10271
 9056
 10927
 471079
 20042
 9273
 10443
 9291
 3408
 39196
 9297
 1909
 8031
 2912
 3494
 82362
 9429
 2174
 9179
 2954
 3658
 100465
 9442
 2401
 9433
 3144
 4385
 128112
 13391
 2790
 9694
 3524
 5294
 167270
 22051
 3718
 10585
 4399
 8612
 353782
 31596
 5554
 12403
 6686
 9176
 367355
 32176
 5674
 12473
 6808
 12382
 799861
 38609
 9729
 15767
 10051
 15861
 863249
 38406
 9873
 15691
 10147
 8590
 78053
 18751
 4764
 17308
 7388
 8729
 155447
 18941
 5067
 17833
 7411
 8966
 187035
 20563
 5374
 18925
 7701
 9895
 224443
 33713
 5946
 19652
 8217
 12231
 272466
 50105
 7138
 20094
 9286
 16739
 523258
 64317
 9253
 22085
 11287
 17673
 517824
 65170
 9298
 22325
 11483
 29231
 1161677
 75143
 12938
 27960
 14724
 24313
 1230120
 75223
 12944
 27801
 14840
 269
 4894
 1238
 299
 471
 225
 539
 12324
 1394
 700
 807
 513
 782
 17966
 1532
 966
 1115
 843
 1201
 30398
 1902
 1463
 1662
 1552
 2118
 59076
 3483
 2831
 2836
 3122
 3935
 131060
 5403
 5867
 5236
 6917
 4079
 137669
 5520
 6058
 5397
 7027
 9333
 347065
 9526
 13484
 8252
 13865
 9691
 353347
 9757
 13808
 8347
 14126
 441
 9796
 2387
 410
 1292
 389
 714
 24867
 2538
 816
 1861
 725
 953
 29287
 2660
 1133
 2116
 1019
 1548
 42226
 3261
 1535
 2653
 1709
 2646
 72915
 6208
 2782
 3749
 3113
 4932
 146576
 8931
 5445
 6016
 6357
 4470
 156410
 9086
 5614
 6109
 6635
 10138
 356294
 12622
 11489
 9094
 11748
 10417
 367120
 12649
 11719
 9229
 11782
 1228
 19513
 4687
 782
 3426
 971
 1428
 43880
 4839
 1161
 4388
 1256
 1657
 52583
 4945
 1445
 4614
 1529
 2111
 68217
 6000
 1914
 5126
 2112
 3604
 99622
 11499
 3087
 6092
 3466
 6333
 193314
 16512
 5574
 8042
 6436
 5830
 201924
 16786
 5729
 8202
 6611
 12257
 456834
 21423
 10828
 11585
 10823
 10679
 470603
 21345
 11086
 11812
 11197
 3457
 39013
 9279
 1972
 8062
 2947
 3619
 83660
 9438
 2341
 9386
 3074
 3849
 98509
 9524
 2705
 9511
 3332
 4448
 126546
 13608
 3108
 10015
 3814
 5440
 170885
 22414
 4285
 11053
 4987
 8370
 311324
 32388
 6557
 13146
 7832
 8314
 355000
 32861
 6719
 13509
 8015
 15663
 783804
 39838
 11461
 16931
 11759
 17827
 840465
 39763
 11644
 17503
 11837
 8723
 77459
 18647
 4833
 17464
 7471
 8885
 157497
 19150
 5220
 18513
 7560
 9144
 184083
 20688
 5664
 19550
 7923
 9822
 227376
 34015
 6281
 19967
 8560
 11969
 277431
 50454
 7689
 20839
 9937
 14817
 472060
 64770
 10083
 23249
 12563
 17349
 543742
 65930
 10252
 23263
 12607
 26232
 1177658
 76600
 14684
 28906
 16345
 27569
 1267343
 76566
 14793
 29061
 16400
 289
 4921
 1250
 328
 512
 228
 631
 11917
 1465
 820
 893
 571
 928
 17449
 1644
 1174
 1260
 952
 1367
 30816
 2100
 1737
 1933
 1804
 2454
 60746
 3837
 3352
 3305
 3624
 4485
 134909
 6008
 6850
 5908
 7891
 4653
 143883
 6131
 7070
 6096
 8092
 10442
 371809
 10816
 15730
 9352
 16399
 10816
 386828
 11037
 16047
 9594
 16999
 468
 9818
 2393
 445
 1307
 391
 815
 22810
 2601
 955
 1955
 835
 1114
 28333
 2759
 1291
 2310
 1154
 1645
 43576
 3540
 1840
 2990
 1925
 2823
 72401
 6602
 3303
 4227
 3597
 5229
 149571
 9588
 6304
 6735
 7382
 5081
 157347
 9766
 6520
 6963
 7622
 10666
 374419
 13926
 13221
 10162
 13438
 11307
 379061
 14031
 13468
 10924
 13726
 1268
 19542
 4690
 834
 3460
 985
 1535
 42799
 4897
 1378
 4412
 1371
 1827
 52547
 5041
 1673
 4762
 1691
 2281
 69578
 6324
 2212
 5389
 2413
 4057
 98368
 12086
 3594
 6698
 3919
 6240
 189592
 17280
 6468
 9077
 7211
 6070
 198796
 17528
 6592
 9158
 7573
 13374
 456043
 22782
 12371
 12992
 12728
 16491
 483391
 22735
 12579
 13552
 12735
 3513
 38923
 9280
 2026
 8069
