# Created by Octave 4.0.3, Sat Mar 04 23:23:48 2017 CET <albert@bulldozer>
# name: db_list_total_avg
# type: matrix
# ndims: 4
 5 9 5 6
 182
 4831
 1192
 196
 273
 182
 9458
 1193
 218
 280
 182
 14580
 1193
 218
 296
 243
 26226
 1549
 242
 331
 243
 50487
 1548
 261
 546
 258
 118476
 1533
 331
 1572
 262
 128595
 1549
 301
 1703
 261
 284849
 1542
 475
 3511
 263
 300183
 1549
 487
 3564
 282
 9585
 2348
 266
 646
 282
 15063
 2350
 293
 652
 282
 23132
 2347
 293
 665
 396
 37865
 3053
 329
 687
 397
 65672
 3052
 345
 888
 420
 151099
 3022
 398
 1692
 427
 163422
 3052
 387
 1781
 424
 390784
 3039
 554
 3411
 427
 397290
 3054
 566
 3545
 665
 19095
 4673
 427
 1852
 666
 25371
 4676
 452
 1879
 664
 32425
 4672
 466
 1908
 840
 56614
 6062
 525
 1898
 839
 88155
 6062
 541
 2100
 907
 159896
 6004
 587
 2749
 916
 170471
 6064
 597
 2796
 907
 388029
 6035
 732
 4367
 912
 411032
 6066
 750
 4402
 2352
 38043
 9311
 1024
 3979
 2350
 47736
 9317
 1023
 3986
 2351
 56839
 9312
 1061
 3999
 2510
 86781
 12075
 1137
 3997
 2513
 126759
 12076
 1185
 4200
 2730
 191668
 11964
 1263
 4879
 2750
 200116
 12082
 1238
 4915
 2742
 432815
 12029
 1336
 6517
 2748
 444400
 12086
 1350
 6582
 5156
 75811
 18581
 3008
 6971
 5158
 87574
 18589
 2767
 6702
 5155
 96227
 18585
 2882
 6694
 5430
 139794
 24105
 3000
 6700
 5418
 192545
 24105
 3190
 6911
 5889
 268334
 23876
 3471
 7634
 5929
 279559
 24118
 3232
 7692
 5921
 606080
 24007
 3506
 9871
 5928
 554531
 24129
 3318
 9928
 213
 4840
 1205
 231
 397
 331
 12881
 1249
 405
 617
 438
 18016
 1295
 528
 713
 718
 30464
 1602
 835
 994
 1295
 56328
 2863
 1605
 1709
 2306
 120172
 4190
 3371
 3515
 2505
 127345
 4270
 3495
 3478
 5909
 301350
 6549
 7842
 5415
 6148
 302406
 6626
 8040
 5557
 373
 9738
 2362
 327
 1186
 491
 23294
 2401
 524
 1636
 592
 30912
 2436
 615
 1754
 837
 46173
 3011
 930
 2003
 1910
 73780
 5602
 1649
 2620
 2870
 148605
 7869
 3277
 4211
 2863
 155826
 7996
 3375
 4346
 6749
 349637
 10106
 7045
 6545
 6626
 360499
 10067
 7161
 6688
 1136
 19483
 4670
 667
 3336
 1190
 43352
 4717
 849
 4110
 1275
 52889
 4745
 952
 4259
 1544
 78748
 5792
 1199
 4480
 2318
 121543
 11109
 1880
 5012
 4300
 250023
 15504
 3452
 6470
 4186
 257261
 15744
 3554
 6473
 11398
 552231
 19056
 6937
 9170
 11751
 544899
 18978
 7047
 9286
 3335
 38917
 9287
 1848
 7955
 3366
 79952
 9349
 2008
 8982
 3469
 98199
 9345
 2153
 9182
 3827
 123407
 13509
 2432
 9423
 4781
 169137
 22186
 3064
 10036
 6946
 358479
 31059
 4467
 11101
 9299
 371830
 31922
 4560
 11341
 13653
 827861
 37472
 7736
 14328
 18606
 880914
 37497
 7832
 14484
 8434
 78299
 18895
 4685
 17073
 8566
 155427
 18915
 4874
 17330
 8749
 180745
 20272
 5108
 18313
 9538
 220435
 34007
 5567
 19328
 11637
 280350
 49600
 6568
 19791
 16442
 498213
 63818
 8207
 21271
 15497
 528929
 64869
 8371
 21256
 37988
 1261025
 74144
 11463
 25696
 47315
 1275451
 74364
 11597
 25932
 243
 4868
 1223
 267
 434
 438
 12422
 1322
 544
 696
 620
 18037
 1413
 747
 922
 990
 29610
 1728
 1165
 1327
 1836
 56809
 3128
 2298
 2345
 3391
 125678
 4798
 4747
 4463
 3347
 132781
 4896
 4893
 4587
 7453
 327424
 8158
 10962
 6862
 8057
 334269
 8304
 11262
 6921
 409
 9764
 2373
 370
 1238
 605
 23196
 2475
 669
 1783
 783
 29840
 2547
 875
 1943
 1170
 42758
 3087
 1240
 2329
 1918
 71712
 5801
 2273
 3200
 3928
 146136
 8384
 4476
 5197
 4600
 151391
 8524
 4613
 5198
 8265
 339447
 11324
 9524
 7886
 9223
 350063
 11380
 9730
 7889
 1184
 19553
 4687
 728
 3385
 1315
 42863
 4779
 1024
 4293
 1475
 53589
 4846
 1190
 4473
 1868
 73795
 5760
 1592
 4824
 2580
 102799
 11261
 2518
 5618
 5124
 205403
 15872
 4598
 7310
 4964
 208428
 16139
 4736
 7401
 11170
 507226
 20173
 9090
 10271
 10927
 471079
 20042
 9273
 10443
 3408
 39196
 9297
 1909
 8031
 3494
 82362
 9429
 2174
 9179
 3658
 100465
 9442
 2401
 9433
 4385
 128112
 13391
 2790
 9694
 5294
 167270
 22051
 3718
 10585
 8612
 353782
 31596
 5554
 12403
 9176
 367355
 32176
 5674
 12473
 12382
 799861
 38609
 9729
 15767
 15861
 863249
 38406
 9873
 15691
 8590
 78053
 18751
 4764
 17308
 8729
 155447
 18941
 5067
 17833
 8966
 187035
 20563
 5374
 18925
 9895
 224443
 33713
 5946
 19652
 12231
 272466
 50105
 7138
 20094
 16739
 523258
 64317
 9253
 22085
 17673
 517824
 65170
 9298
 22325
 29231
 1161677
 75143
 12938
 27960
 24313
 1230120
 75223
 12944
 27801
 269
 4894
 1238
 299
 471
 539
 12324
 1394
 700
 807
 782
 17966
 1532
 966
 1115
 1201
 30398
 1902
 1463
 1662
 2118
 59076
 3483
 2831
 2836
 3935
 131060
 5403
 5867
 5236
 4079
 137669
 5520
 6058
 5397
 9333
 347065
 9526
 13484
 8252
 9691
 353347
 9757
 13808
 8347
 441
 9796
 2387
 410
 1292
 714
 24867
 2538
 816
 1861
 953
 29287
 2660
 1133
 2116
 1548
 42226
 3261
 1535
 2653
 2646
 72915
 6208
 2782
 3749
 4932
 146576
 8931
 5445
 6016
 4470
 156410
 9086
 5614
 6109
 10138
 356294
 12622
 11489
 9094
 10417
 367120
 12649
 11719
 9229
 1228
 19513
 4687
 782
 3426
 1428
 43880
 4839
 1161
 4388
 1657
 52583
 4945
 1445
 4614
 2111
 68217
 6000
 1914
 5126
 3604
 99622
 11499
 3087
 6092
 6333
 193314
 16512
 5574
 8042
 5830
 201924
 16786
 5729
 8202
 12257
 456834
 21423
 10828
 11585
 10679
 470603
 21345
 11086
 11812
 3457
 39013
 9279
 1972
 8062
 3619
 83660
 9438
 2341
 9386
 3849
 98509
 9524
 2705
 9511
 4448
 126546
 13608
 3108
 10015
 5440
 170885
 22414
 4285
 11053
 8370
 311324
 32388
 6557
 13146
 8314
 355000
 32861
 6719
 13509
 15663
 783804
 39838
 11461
 16931
 17827
 840465
 39763
 11644
 17503
 8723
 77459
 18647
 4833
 17464
 8885
 157497
 19150
 5220
 18513
 9144
 184083
 20688
 5664
 19550
 9822
 227376
 34015
 6281
 19967
 11969
 277431
 50454
 7689
 20839
 14817
 472060
 64770
 10083
 23249
 17349
 543742
 65930
 10252
 23263
 26232
 1177658
 76600
 14684
 28906
 27569
 1267343
 76566
 14793
 29061
 289
 4921
 1250
 328
 512
 631
 11917
 1465
 820
 893
 928
 17449
 1644
 1174
 1260
 1367
 30816
 2100
 1737
 1933
 2454
 60746
 3837
 3352
 3305
 4485
 134909
 6008
 6850
 5908
 4653
 143883
 6131
 7070
 6096
 10442
 371809
 10816
 15730
 9352
 10816
 386828
 11037
 16047
 9594
 468
 9818
 2393
 445
 1307
 815
 22810
 2601
 955
 1955
 1114
 28333
 2759
 1291
 2310
 1645
 43576
 3540
 1840
 2990
 2823
 72401
 6602
 3303
 4227
 5229
 149571
 9588
 6304
 6735
 5081
 157347
 9766
 6520
 6963
 10666
 374419
 13926
 13221
 10162
 11307
 379061
 14031
 13468
 10924
 1268
 19542
 4690
 834
 3460
 1535
 42799
 4897
 1378
 4412
 1827
 52547
 5041
 1673
 4762
 2281
 69578
 6324
 2212
 5389
 4057
 98368
 12086
 3594
 6698
 6240
 189592
 17280
 6468
 9077
 6070
 198796
 17528
 6592
 9158
 13374
 456043
 22782
 12371
 12992
 16491
 483391
 22735
 12579
 13552
 3513
 38923
 9280
 2026
 8069
 3732
 79731
 9485
 2524
 9529
 4019
 98838
 9622
 2925
 9697
 4479
 128670
 14258
 3447
 10298
 6236
 165222
 23055
 4838
 11522
 8945
 303729
 33351
 7514
 14006
 9778
 309764
 33892
 7653
 14075
 17163
 701297
 41430
 13068
 18227
 19111
 725203
 41314
 13351
 18323
 8773
 77810
 18551
 4886
 17537
 8991
 159166
 19197
 5374
 17919
 9360
 181509
 21418
 5894
 19684
 9972
 220427
 35316
 6624
 20107
 11800
 279841
 52082
 8255
 21373
 15851
 488197
 66109
 11016
 24255
 15958
 508752
 67102
 11272
 24362
 23587
 1114504
 78609
 16567
 30313
 21793
 1264366
 78480
 16673
 31093
 315
 4944
 1263
 358
 542
 721
 12389
 1535
 974
 992
 1081
 17293
 1760
 1312
 1429
 1500
 31049
 2344
 2070
 2250
 2804
 61009
 4244
 3855
 3784
 5126
 140618
 6673
 7799
 6620
 5256
 147859
 6808
 8072
 6718
 11301
 393678
 12176
 17875
 10438
 12011
 421911
 12291
 18296
 10568
 498
 9851
 2404
 480
 1363
 914
 23961
 2667
 1160
 2060
 1275
 29004
 2872
 1396
 2494
 1920
 43246
 3881
 2134
 3212
 3001
 70891
 7087
 3756
 4699
 5619
 152213
 10427
 7200
 7501
 5272
 159398
 10556
 7380
 7785
 13348
 374104
 15261
 14910
 11606
 12125
 379063
 15281
 15217
 11580
 1307
 19606
 4692
 886
 3519
 1646
 42991
 4953
 1460
 4494
 2001
 53417
