# Created by Octave 4.0.3, Fri Feb 17 11:44:04 2017 CET <albert@bulldozer>
# name: db_list_total_avg
# type: matrix
# ndims: 4
 4 9 5 6
 173
 4821
 1193
 407
 86
 4611
 596
 1814
 43
 3699
 297
 6869
 28
 3319
 193
 22252
 14
 3134
 96
 87208
 7
 3714
 49
 314326
 7
 3973
 48
 327378
 3
 4510
 24
 1530630
 3
 4689
 24
 1562140
 275
 9589
 2348
 483
 137
 7687
 1176
 1613
 67
 5906
 584
 7010
 47
 4852
 381
 22657
 23
 4086
 190
 86692
 12
 4838
 97
 313841
 12
 5193
 95
 326483
 6
 6212
 48
 1527583
 6
 6175
 47
 1561298
 640
 19091
 4672
 673
 320
 12925
 2336
 2094
 160
 8057
 1163
 6278
 101
 7071
 757
 23253
 50
 5360
 378
 89119
 27
 5152
 193
 313441
 27
 5397
 189
 328323
 13
 6272
 95
 1532052
 13
 6393
 94
 1565578
 2359
 38075
 9309
 1463
 1179
 23263
 4655
 2545
 588
 13381
 2318
 5463
 310
 11091
 1508
 24102
 155
 7774
 754
 87668
 87
 6122
 385
 315119
 84
 6190
 377
 327542
 43
 6821
 190
 1533793
 42
 6858
 188
 1560568
 5222
 75866
 18587
 3097
 2610
 44474
 9298
 3840
 1305
 24325
 4627
 5727
 676
 17066
 3013
 23175
 337
 11436
 1506
 85017
 189
 8739
 769
 310077
 184
 8805
 753
 328731
 93
 9238
 381
 1535444
 92
 9408
 376
 1564956
 201
 4838
 1204
 535
 157
 6494
 623
 1659
 105
 4557
 322
 5783
 74
 3869
 198
 23454
 68
 3529
 178
 87630
 70
 3826
 135
 311000
 70
 3907
 133
 326878
 87
 4756
 104
 1522883
 86
 4927
 104
 1547831
 355
 9736
 2356
 685
 235
 11325
 1200
 1961
 143
 7740
 609
 5483
 91
 5923
 374
 23013
 73
 4706
 352
 87080
 73
 4845
 254
 315072
 73
 4872
 250
 324983
 87
 5534
 160
 1524743
 87
 5480
 157
 1547650
 1113
 19449
 4678
 1324
 581
 21506
 2357
 2389
 312
 13475
 1189
 5307
 174
 9317
 722
 23788
 109
 7476
 694
 87301
 94
 8125
 500
 312253
 95
 7901
 494
 324737
 99
 8907
 303
 1527895
 99
 9026
 297
 1554102
 3329
 38999
 9301
 2934
 1671
 41244
 4676
 3865
 862
 23931
 2337
 5611
 460
 15047
 1684
 22684
 257
 10771
 1376
 84742
 186
 11473
 1011
 305863
 189
 11648
 994
 321638
 145
 13520
 597
 1519772
 145
 13217
 586
 1555054
 8412
 76836
 18803
 6093
 4277
 79367
 9444
 6997
 2190
 45904
 5012
 8232
 1149
 28018
 4265
 17748
 695
 16681
 3129
 80554
 453
 16115
 2056
 304893
 468
 16024
 2027
 318240
 312
 19572
 1178
 1515418
 314
 19653
 1162
 1546647
 227
 4868
 1221
 661
 207
 6291
 657
 2452
 148
 4510
 350
 5206
 104
 3773
 213
 23012
 94
 3604
 197
 86117
 97
 4032
 155
 305967
 96
 4121
 153
 327026
 116
 5110
 130
 1511719
 118
 5244
 130
 1542708
 388
 9782
 2372
 872
 288
 11882
 1233
 2186
 188
 7511
 634
 5240
 121
 5507
 383
 23548
 100
 4420
 362
 84453
 99
 4682
 270
 308856
 98
 4794
 267
 323682
 116
 5368
 180
 1504729
 115
 5639
 178
 1533624
 1157
 19585
 4680
 1531
 639
 20830
 2384
 3009
 361
 13230
 1208
 5240
 208
 9195
 717
 23579
 136
 6622
 704
 85966
 120
 6373
 514
 305460
 116
 6687
 505
 322411
 124
 7456
 321
 1511810
 126
 7951
 314
 1542907
 3383
 38889
 9303
 3246
 1727
 42637
 4688
 4554
 908
 24523
 2370
 5988
 487
 15469
 1654
 22296
 278
 10473
 1367
 83762
 208
 11104
 1022
 311441
 210
 11600
 1009
 319217
 160
 13268
 613
 1510266
 161
 12845
 602
 1540654
 8598
 78037
 18670
 6558
 4353
 81915
 9492
 7645
 2230
 46046
 5113
 9051
 1175
 27418
 4220
 16885
 677
 17055
 3121
 81233
 441
 16279
 2072
 298655
 458
 16808
 2031
 316973
 312
 18115
 1194
 1500147
 309
 18754
 1175
 1537943
 250
 4897
 1238
 1107
 253
 6427
 690
 2577
 187
 4339
 378
 5133
 130
 3829
 233
 23203
 116
 3640
 216
 86844
 118
 4164
 174
 310361
 118
 4313
 172
 323753
 140
 5496
 152
 1493644
 143
 5552
 152
 1524950
 416
 9788
 2384
 1177
 336
 11785
 1262
 2393
 229
 7252
 659
 5066
 148
 5391
 404
 23488
 123
 4479
 387
 87958
 119
 4726
 288
 304451
 119
 4808
 284
 322908
 137
 5529
 200
 1494769
 136
 5683
 198
 1528739
 1198
 19580
 4688
 1689
 694
 21393
 2410
 3052
 405
 13782
 1234
 5494
 232
 8518
 740
 23294
 163
 6161
 723
 84796
 137
 6090
 531
 313569
 139
 6437
 526
 317774
 147
 7396
 340
 1494312
 146
 7248
 333
 1535316
 3443
 39134
 9305
 3428
 1784
 42768
 4709
 4621
 949
 25117
 2376
 6507
 510
 15530
 1700
 21383
 302
 10387
 1398
 82741
 223
 10152
 1037
 305204
 226
 10771
 1020
 317800
 179
 12069
 632
 1499798
 177
 13108
 620
 1524634
 8699
 78053
 18603
 6848
 4406
 78328
 9560
 7964
 2280
 45175
 5262
 9808
 1202
 28269
 4242
 16680
 688
 17594
 3164
 78973
 455
 15974
 2088
 298288
 464
 16002
 2053
 315958
 327
 19455
 1217
 1490802
 316
 19808
 1196
 1521877
 271
 4921
 1249
 1327
 295
 6109
 722
 2242
 222
 4290
 405
 5198
 153
 3742
 258
 22964
 135
 3835
 242
 85655
 134
 4351
 194
 301193
 135
 4438
 192
 322439
 161
 5957
 172
 1485782
 161
 5886
 172
 1514130
 442
 9815
 2392
 1438
 384
 11964
 1290
 2586
 267
 7146
 684
 5168
 172
 5368
 436
 23391
 142
 4556
 409
 86154
 137
 4823
 309
 306649
 136
 4909
 304
 320590
 155
 5846
 220
 1484640
 157
 5872
 218
 1516416
 1237
 19547
 4692
 1789
 743
 21599
 2436
 3313
 446
 13201
 1255
 5539
 258
 8629
 785
 22796
 186
 6187
 755
 83597
 156
 6189
 557
 301356
 155
 6317
 550
 318069
 167
 7180
 361
 1486730
 165
 7222
 354
 1517888
 3491
 39056
 9284
 3556
 1829
 41492
 4729
 5153
 990
 24164
 2404
 7017
 538
 16003
 1786
 20564
 324
 10229
 1440
 83143
 246
 9519
 1067
 299921
 242
 9507
 1052
 319413
 201
 11676
 657
 1485221
 205
 11997
 644
 1511354
 8772
 77582
 18535
 7039
 4459
 79838
 9543
 8311
 2311
 46399
 5248
 10071
 1233
 27557
 4396
 16086
 699
 17382
 3240
 78089
 466
 15801
 2140
 301520
 482
 16133
 2099
 312169
 325
 18721
 1247
 1479257
 322
 18100
 1227
 1509433
 293
 4943
 1262
 2115
 335
 6206
 757
 2388
 253
 4397
 434
 5071
 175
 3975
 288
 23241
 154
 3933
 266
 84771
 151
 4566
 214
 301021
 151
 4657
 213
 317267
 179
 6151
 193
 1466916
 182
 6290
 193
 1504709
 469
 9840
 2402
 1881
 425
 11825
 1322
 2724
 301
 7013
 713
 5145
 193
 5493
 479
 22758
 161
 4624
 447
 84237
 155
 4913
 336
 304081
 154
 5001
 330
 317339
 173
 6080
 242
 1474057
 174
 5962
 239
 1503559
 1274
 19579
 4702
 1892
 792
 22958
 2464
 3534
 484
 13503
 1279
 5711
 289
 8707
 859
 22083
 203
 6075
 805
 83072
 178
 6060
 590
 300233
 175
 6079
 583
 313564
 184
 7060
 387
 1469357
 189
 7368
 381
 1496745
 3551
 39038
 9265
 3732
 1874
 41102
 4747
 5157
 1028
 25735
 2420
 7176
 557
 15529
 1923
 19401
 344
 9614
 1528
 81993
 259
 9005
 1113
 304100
 260
 8799
 1097
 313266
 230
 10566
 689
 1467929
 220
 11219
 675
 1502512
 8871
 77818
 18532
 7197
 4530
 77986
 9636
 8930
 2355
 45389
 5333
 10439
 1261
 29444
 4696
 15945
 756
 17469
 3390
 76684
 487
 15643
 2216
 299436
 497
 15588
 2179
 306776
 343
 18206
 1291
 1466210
 343
 18607
 1267
 1494121


