# Created by Octave 4.0.3, Thu Mar 02 23:12:53 2017 CET <albert@bulldozer>
# name: db_queue_total_avg
# type: matrix
# ndims: 3
 5 9 5
 185
 373
 194
 231
 2333
 681
 1684
 854
 828
 2537
 1863
 4354
 1988
 2250
 2819
 5367
 11968
 5349
 5982
 10125
 17785
 37719
 17760
 19516
 31370
 58211
 117602
 56690
 64423
 105442
 61390
 124999
 59263
 67075
 111039
 226435
 419649
 237842
 245043
 245390
 230039
 439920
 238546
 249930
 250527
 186
 374
 191
 230
 2524
 670
 1711
 845
 841
 5424
 1891
 4369
 1987
 2154
 2731
 5333
 12060
 5327
 6056
 10144
 17969
 38248
 17445
 19305
 30785
 58097
 119382
 56836
 64386
 104074
 61362
 126483
 59891
 67104
 110681
 226191
 434385
 241206
 245100
 244271
 230424
 437577
 250534
 249988
 250975
 186
 372
 190
 231
 2553
 688
 1709
 849
 864
 5572
 1899
 4312
 1963
 2247
 2748
 5331
 12004
 5326
 6042
 9973
 17989
 38345
 17110
 19374
 30844
 58335
 118489
 56657
 65081
 104555
 61222
 126846
 59847
 67513
 106416
 225579
 428566
 234937
 245809
 246848
 230903
 455145
 245170
 250047
 249998
 186
 373
 192
 231
 2564
 678
 1698
 844
 830
 5439
 1827
 4230
 1950
 2203
 2814
 5329
 11844
 5249
 6058
 10072
 17888
 38193
 17421
 19315
 30732
 58334
 117953
 56764
 64946
 104042
 61366
 127023
 60028
 67258
 112485
 225948
 431766
 224586
 244992
 250121
 229953
 415123
 248071
 251202
 250318
 186
 376
 194
 231
 2554
 671
 1722
 858
 837
 5440
 1864
 4273
 1981
 2282
 2952
 5333
 11950
 5270
 5941
 9740
 17776
 37860
 17402
 19186
 31175
 58172
 116346
 56525
 64712
 106018
 61387
 126281
 60173
 67335
 110700
 227689
 444976
 238212
 245142
 247948
 230512
 444334
 249502
 250445
 253695


# name: db_queue_total_std
# type: matrix
# ndims: 3
 5 9 5
 1
 4
 3
 1
 50
 18
 33
 13
 20
 2160
 92
 98
 27
 108
 149
 101
 118
 238
 250
 209
 17
 861
 931
 344
 650
 417
 2703
 1216
 512
 974
 25
 3365
 315
 624
 3642
 2182
 18384
 12029
 1007
 4854
 1884
 32887
 11749
 1793
 4382
 1
 2
 10
 1
 30
 11
 48
 14
 40
 98
 94
 92
 20
 87
 85
 111
 39
 224
 198
 341
 252
 311
 688
 192
 856
 264
 1379
 1469
 460
 3824
 68
 1124
 1472
 672
 3897
 2395
 22490
 11467
 750
 4560
 2136
 19313
 3042
 1492
 2934
 2
 4
 6
 1
 18
 19
 54
 24
 38
 133
 81
 122
 27
 107
 108
 101
 115
 224
 199
 162
 269
 211
 41
 363
 871
 260
 1428
 929
 1009
 2730
 230
 1574
 1349
 559
 4289
 2073
 18649
 10218
 862
 3870
 2557
 33949
 5315
 1758
 4492
 2
 2
 8
 0
 40
 16
 55
 11
 47
 44
 73
 92
 24
 103
 119
 100
 103
 177
 235
 294
 253
 229
 693
 278
 1162
 263
 4175
 1219
 1126
 3824
 85
 1140
 1543
 597
 5550
 1684
 34757
 10697
 915
 1903
 1853
 2960
 3674
 1250
 6564
 1
 4
 8
 1
 43
 8
 83
 10
 31
 128
 90
 121
 40
 109
 125
 106
 133
 178
 165
 210
 14
 776
 732
 347
 853
 392
 3477
 265
 753
 2887
 74
 1065
 1937
 400
 1782
 1201
 30678
 11612
 686
 5780
 1869
 19945
 5089
 1123
 1590


# name: db_queue_footprint_avg
# type: matrix
# ndims: 3
 5 9 5
 1264018
 4188
 2218
 1018270
 2576694
 690328
 4196
 2175
 569095
 862978
 506323
 4229
 2240
 420288
 447686
 351538
 4229
 2182
 316788
 323143
 213030
 4248
 2230
 195598
 210286
 126968
 4221
 2453
 119367
 148453
 124352
 4234
 2443
 119415
 147918
 67709
 4465
 3341
 78021
 145664
 67808
 4527
 3388
 76601
 145389
 1262014
 4222
 2296
 1019052
 2624574
 701650
 4194
 2154
 561398
 1213822
 498832
 4230
 2229
 438667
 522138
 353889
 4227
 2137
 312766
 359060
 210914
 4247
 2231
 197806
 246612
 127236
 4219
 2490
 119996
 169472
 124403
 4253
 2490
 119749
 166545
 67858
 4457
 3369
 76398
 159942
 67680
 4549
 3471
 77947
 160736
 1258908
 4230
 2190
 1015141
 2652074
 683486
 4238
 2217
 545849
 1229987
 496598
 4270
 2226
 420773
 552924
 353886
 4267
 2139
 313530
 373786
 210692
 4240
 2290
 197101
 257738
 126727
 4243
 2428
 118558
 174897
 124680
 4276
 2474
 118557
 177029
 67962
 4460
 3380
 75232
 169561
 67579
 4517
 3434
 76390
 171538
 1258083
 4222
 2229
 1015020
 2676060
 694190
 4246
 2150
 568862
 1176611
 516041
 4266
 2238
 429152
 557018
 354154
 4250
 2258
 312881
 386629
 211847
 4285
 2294
 197730
 265687
 126690
 4290
 2488
 118586
 184102
 124425
 4257
 2503
 118863
 178473
 67896
 4474
 3366
 80419
 175254
 67822
 4516
 3526
 75315
 173399
 1262132
 4282
 2301
 1017458
 2672581
 700334
 4257
 2209
 563305
 1234338
 505995
 4289
 2246
 414497
 546102
 353863
 4270
 2263
 318798
 395985
 213193
 4276
 2331
 198988
 266019
 127070
 4279
 2539
 118929
 184848
 124402
 4315
 2623
 118472
 175765
 67426
 4493
 3404
 77041
 175674
 67685
 4539
 3608
 76203
 175570


# name: db_queue_footprint_std
# type: matrix
# ndims: 3
 5 9 5
 1838
 38
 142
 1530
 12293
 18438
 38
 80
 14097
 293486
 24483
 47
 120
 20491
 17657
 6643
 47
 76
 12996
 3492
 228
 46
 45
 3527
 4727
 868
 38
 40
 1667
 4283
 62
 45
 39
 1033
 2764
 727
 15
 54
 3443
 3857
 538
 37
 130
 3600
 1593
 2024
 46
 261
 1979
 10217
 11056
 37
 38
 26325
 7703
 25023
 46
 152
 16562
 12541
 7291
 46
 144
 10308
 6996
 2961
 47
 95
 1965
 5174
 559
 36
 36
 843
 5096
 83
 45
 49
 1831
 3369
 662
 14
 93
 2975
 4165
 515
 101
 86
 4286
 2861
 12555
 45
 81
 1839
 16587
 19074
 46
 196
 23942
 7845
 21470
 37
 145
 20329
 19917
 6632
 38
 98
 10366
 8363
 3085
 46
 138
 3603
 6116
 517
 46
 24
 2248
 4589
 473
 36
 97
 1522
 8259
 774
 12
 83
 2511
 4368
 754
 39
 134
 4126
 2443
 10799
 45
 151
 881
 27289
 15816
 48
 106
 31498
 6725
 19351
 45
 116
 19561
 18586
 6500
 46
 148
 12167
 5440
 2920
 36
 82
 2786
 3080
 528
 37
 42
 2553
 2910
 106
 47
 58
 1584
 2524
 553
 25
 85
 4656
 2337
 483
 3
 64
 1158
 5065
 1878
 37
 249
 3602
 9375
 8251
 47
 120
 20818
 3853
 23923
 45
 125
 21012
 20227
 6916
 45
 46
 8473
 7249
 184
 47
 83
 3547
 3227
 808
 45
 138
 1579
 7177
 198
 38
 92
 1273
 5509
 357
 12
 97
 3044
 5636
 551
 53
 114
 4337
 3668


